5 10 3  4
8 7  49 19
6 10 9  28
6 10 39 289


iteration  0 : Cost = 25333
iteration  1 : Cost = 26192
iteration  2 : Cost = 24730
iteration  3 : Cost = 23426
iteration  4 : Cost = 24593
iteration  5 : Cost = 24396
iteration  6 : Cost = 22915
iteration  7 : Cost = 23030
iteration  8 : Cost = 23072
iteration  9 : Cost = 23380
iteration  10 : Cost = 23229
iteration  11 : Cost = 23153
iteration  12 : Cost = 22888
iteration  13 : Cost = 22888
iteration  14 : Cost = 22888
iteration  15 : Cost = 22888
iteration  16 : Cost = 22888
iteration  17 : Cost = 22888
iteration  18 : Cost = 22888
iteration  19 : Cost = 22888
iteration  20 : Cost = 22888
iteration  21 : Cost = 22888
iteration  22 : Cost = 22888
iteration  23 : Cost = 22888
iteration  24 : Cost = 22888
iteration  25 : Cost = 22888
iteration  26 : Cost = 22888
iteration  27 : Cost = 22888
iteration  28 : Cost = 22888
iteration  29 : Cost = 22888
best assignment: ([(0, 95), (1, 762), (2, 619), (3, 169), (4, 460), (5, 349), (6, 979), (7, 909), (8, 490), (9, 102), (10, 899), (11, 195), (12, 343), (13, 525), (14, 288), (15, 424), (16, 414), (17, 89), (18, 348), (19, 175), (20, 673), (21, 459), (22, 408), (23, 879), (24, 892), (25, 744), (26, 523), (27, 369), (28, 840), (29, 199), (30, 173), (31, 528), (32, 515), (33, 822), (34, 717), (35, 51), (36, 403), (37, 157), (38, 674), (39, 118), (40, 45), (41, 466), (42, 296), (43, 859), (44, 637), (45, 699), (46, 513), (47, 812), (48, 56), (49, 105), (50, 72), (51, 88), (52, 724), (53, 63), (54, 236), (55, 400), (56, 353), (57, 291), (58, 754), (59, 696), (60, 562), (61, 527), (62, 813), (63, 193), (64, 850), (65, 357), (66, 588), (67, 505), (68, 358), (69, 162), (70, 249), (71, 273), (72, 904), (73, 563), (74, 811), (75, 602), (76, 68), (77, 592), (78, 788), (79, 179), (80, 751), (81, 880), (82, 670), (83, 454), (84, 535), (85, 163), (86, 325), (87, 997), (88, 805), (89, 201), (90, 836), (91, 764), (92, 492), (93, 40), (94, 379), (95, 753), (96, 185), (97, 851), (98, 436), (99, 276), (100, 740), (101, 16), (102, 923), (103, 702), (104, 50), (105, 171), (106, 451), (107, 725), (108, 627), (109, 390), (110, 609), (111, 796), (112, 570), (113, 871), (114, 767), (115, 569), (116, 265), (117, 930), (118, 598), (119, 142), (120, 547), (121, 57), (122, 579), (123, 978), (124, 591), (125, 734), (126, 94), (127, 87), (128, 861), (129, 693), (130, 905), (131, 641), (132, 795), (133, 853), (134, 91), (135, 23), (136, 920), (137, 493), (138, 191), (139, 269), (140, 600), (141, 154), (142, 976), (143, 900), (144, 950), (145, 471), (146, 867), (147, 608), (148, 518), (149, 128), (150, 870), (151, 146), (152, 90), (153, 345), (154, 825), (155, 462), (156, 21), (157, 726), (158, 692), (159, 413), (160, 504), (161, 202), (162, 681), (163, 239), (164, 397), (165, 947), (166, 176), (167, 395), (168, 625), (169, 959), (170, 74), (171, 760), (172, 897), (173, 933), (174, 496), (175, 534), (176, 830), (177, 218), (178, 280), (179, 745), (180, 733), (181, 98), (182, 770), (183, 376), (184, 958), (185, 571), (186, 385), (187, 122), (188, 337), (189, 435), (190, 551), (191, 712), (192, 426), (193, 622), (194, 595), (195, 543), (196, 668), (197, 596), (198, 516), (199, 938), (200, 18), (201, 586), (202, 669), (203, 123), (204, 621), (205, 444), (206, 831), (207, 423), (208, 232), (209, 365), (210, 278), (211, 769), (212, 54), (213, 601), (214, 650), (215, 158), (216, 331), (217, 227), (218, 778), (219, 70), (220, 470), (221, 304), (222, 46), (223, 632), (224, 8), (225, 440), (226, 150), (227, 99), (228, 718), (229, 488), (230, 510), (231, 797), (232, 305), (233, 568), (234, 180), (235, 48), (236, 100), (237, 782), (238, 798), (239, 737), (240, 808), (241, 362), (242, 758), (243, 328), (244, 781), (245, 943), (246, 946), (247, 732), (248, 434), (249, 742), (250, 651), (251, 225), (252, 62), (253, 499), (254, 956), (255, 240), (256, 205), (257, 903), (258, 707), (259, 954), (260, 324), (261, 114), (262, 421), (263, 416), (264, 541), (265, 384), (266, 439), (267, 200), (268, 316), (269, 506), (270, 272), (271, 838), (272, 26), (273, 883), (274, 237), (275, 953), (276, 935), (277, 259), (278, 690), (279, 233), (280, 973), (281, 705), (282, 723), (283, 494), (284, 292), (285, 661), (286, 393), (287, 229), (288, 253), (289, 82), (290, 759), (291, 915), (292, 12), (293, 738), (294, 868), (295, 130), (296, 780), (297, 498), (298, 270), (299, 131), (300, 587), (301, 550), (302, 533), (303, 604), (304, 410), (305, 986), (306, 936), (307, 177), (308, 750), (309, 708), (310, 556), (311, 908), (312, 703), (313, 709), (314, 500), (315, 538), (316, 948), (317, 634), (318, 309), (319, 217), (320, 321), (321, 501), (322, 590), (323, 790), (324, 35), (325, 482), (326, 555), (327, 814), (328, 845), (329, 319), (330, 364), (331, 368), (332, 721), (333, 487), (334, 735), (335, 282), (336, 135), (337, 820), (338, 479), (339, 678), (340, 433), (341, 222), (342, 715), (343, 334), (344, 606), (345, 204), (346, 713), (347, 998), (348, 862), (349, 437), (350, 188), (351, 138), (352, 107), (353, 599), (354, 842), (355, 27), (356, 854), (357, 427), (358, 615), (359, 573), (360, 890), (361, 855), (362, 477), (363, 19), (364, 995), (365, 793), (366, 187), (367, 918), (368, 835), (369, 996), (370, 279), (371, 329), (372, 428), (373, 307), (374, 928), (375, 36), (376, 537), (377, 951), (378, 323), (379, 731), (380, 277), (381, 2), (382, 140), (383, 617), (384, 159), (385, 817), (386, 115), (387, 34), (388, 226), (389, 108), (390, 257), (391, 167), (392, 789), (393, 117), (394, 75), (395, 927), (396, 344), (397, 31), (398, 33), (399, 522), (400, 507), (401, 121), (402, 228), (403, 448), (404, 132), (405, 889), (406, 109), (407, 407), (408, 149), (409, 960), (410, 168), (411, 303), (412, 129), (413, 184), (414, 653), (415, 438), (416, 398), (417, 429), (418, 965), (419, 124), (420, 39), (421, 66), (422, 183), (423, 215), (424, 858), (425, 722), (426, 565), (427, 757), (428, 895), (429, 356), (430, 152), (431, 924), (432, 206), (433, 594), (434, 849), (435, 247), (436, 583), (437, 116), (438, 43), (439, 103), (440, 896), (441, 402), (442, 298), (443, 875), (444, 730), (445, 78), (446, 244), (447, 775), (448, 145), (449, 467), (450, 787), (451, 463), (452, 286), (453, 994), (454, 256), (455, 646), (456, 399), (457, 941), (458, 207), (459, 929), (460, 340), (461, 893), (462, 264), (463, 832), (464, 141), (465, 777), (466, 172), (467, 648), (468, 151), (469, 826), (470, 564), (471, 198), (472, 557), (473, 776), (474, 784), (475, 251), (476, 77), (477, 809), (478, 301), (479, 355), (480, 458), (481, 697), (482, 178), (483, 981), (484, 455), (485, 526), (486, 234), (487, 857), (488, 85), (489, 330), (490, 242), (491, 912), (492, 821), (493, 810), (494, 17), (495, 539), (496, 22), (497, 503), (498, 274), (499, 644), (500, 383), (501, 341), (502, 160), (503, 197), (504, 585), (505, 652), (506, 497), (507, 945), (508, 799), (509, 974), (510, 468), (511, 84), (512, 553), (513, 248), (514, 260), (515, 517), (516, 446), (517, 763), (518, 143), (519, 741), (520, 898), (521, 791), (522, 969), (523, 61), (524, 824), (525, 283), (526, 773), (527, 211), (528, 29), (529, 42), (530, 58), (531, 654), (532, 542), (533, 509), (534, 255), (535, 406), (536, 774), (537, 662), (538, 250), (539, 939), (540, 38), (541, 885), (542, 576), (543, 694), (544, 203), (545, 161), (546, 882), (547, 675), (548, 394), (549, 695), (550, 520), (551, 474), (552, 289), (553, 803), (554, 254), (555, 575), (556, 577), (557, 990), (558, 25), (559, 878), (560, 367), (561, 41), (562, 636), (563, 174), (564, 975), (565, 391), (566, 405), (567, 561), (568, 597), (569, 106), (570, 214), (571, 800), (572, 55), (573, 710), (574, 580), (575, 266), (576, 9), (577, 230), (578, 739), (579, 374), (580, 843), (581, 318), (582, 480), (583, 153), (584, 293), (585, 729), (586, 83), (587, 635), (588, 982), (589, 209), (590, 420), (591, 656), (592, 863), (593, 874), (594, 464), (595, 649), (596, 262), (597, 829), (598, 688), (599, 610), (600, 691), (601, 559), (602, 792), (603, 352), (604, 360), (605, 104), (606, 165), (607, 983), (608, 891), (609, 381), (610, 125), (611, 683), (612, 966), (613, 491), (614, 386), (615, 643), (616, 475), (617, 977), (618, 338), (619, 984), (620, 486), (621, 833), (622, 962), (623, 806), (624, 317), (625, 359), (626, 819), (627, 942), (628, 442), (629, 208), (630, 241), (631, 275), (632, 659), (633, 647), (634, 852), (635, 968), (636, 134), (637, 626), (638, 412), (639, 554), (640, 120), (641, 417), (642, 306), (643, 720), (644, 86), (645, 672), (646, 844), (647, 581), (648, 664), (649, 194), (650, 65), (651, 876), (652, 658), (653, 633), (654, 453), (655, 531), (656, 549), (657, 346), (658, 766), (659, 170), (660, 447), (661, 312), (662, 952), (663, 611), (664, 28), (665, 382), (666, 955), (667, 290), (668, 189), (669, 687), (670, 660), (671, 136), (672, 245), (673, 704), (674, 980), (675, 59), (676, 578), (677, 841), (678, 192), (679, 164), (680, 884), (681, 139), (682, 628), (683, 396), (684, 665), (685, 629), (686, 749), (687, 638), (688, 299), (689, 452), (690, 552), (691, 252), (692, 481), (693, 418), (694, 469), (695, 783), (696, 485), (697, 711), (698, 514), (699, 156), (700, 671), (701, 181), (702, 212), (703, 10), (704, 483), (705, 377), (706, 624), (707, 957), (708, 432), (709, 926), (710, 378), (711, 372), (712, 148), (713, 73), (714, 113), (715, 860), (716, 37), (717, 4), (718, 949), (719, 911), (720, 765), (721, 263), (722, 133), (723, 743), (724, 989), (725, 530), (726, 620), (727, 614), (728, 502), (729, 756), (730, 389), (731, 327), (732, 508), (733, 110), (734, 991), (735, 603), (736, 524), (737, 686), (738, 540), (739, 219), (740, 827), (741, 869), (742, 71), (743, 7), (744, 894), (745, 558), (746, 906), (747, 655), (748, 545), (749, 666), (750, 988), (751, 529), (752, 961), (753, 147), (754, 456), (755, 388), (756, 630), (757, 297), (758, 748), (759, 639), (760, 848), (761, 261), (762, 567), (763, 640), (764, 970), (765, 315), (766, 772), (767, 126), (768, 964), (769, 828), (770, 190), (771, 676), (772, 347), (773, 839), (774, 689), (775, 302), (776, 450), (777, 719), (778, 14), (779, 155), (780, 921), (781, 285), (782, 901), (783, 258), (784, 985), (785, 932), (786, 47), (787, 771), (788, 457), (789, 872), (790, 612), (791, 326), (792, 582), (793, 97), (794, 607), (795, 461), (796, 354), (797, 682), (798, 449), (799, 281), (800, 11), (801, 182), (802, 532), (803, 419), (804, 801), (805, 544), (806, 243), (807, 333), (808, 52), (809, 917), (810, 736), (811, 144), (812, 993), (813, 755), (814, 101), (815, 631), (816, 987), (817, 700), (818, 816), (819, 314), (820, 313), (821, 761), (822, 657), (823, 24), (824, 902), (825, 536), (826, 495), (827, 186), (828, 925), (829, 425), (830, 846), (831, 478), (832, 15), (833, 589), (834, 224), (835, 96), (836, 284), (837, 472), (838, 794), (839, 613), (840, 422), (841, 937), (842, 60), (843, 387), (844, 560), (845, 999), (846, 919), (847, 701), (848, 238), (849, 430), (850, 786), (851, 873), (852, 216), (853, 49), (854, 127), (855, 847), (856, 484), (857, 616), (858, 593), (859, 706), (860, 779), (861, 618), (862, 574), (863, 922), (864, 322), (865, 137), (866, 213), (867, 584), (868, 336), (869, 716), (870, 642), (871, 235), (872, 714), (873, 546), (874, 380), (875, 308), (876, 913), (877, 220), (878, 80), (879, 64), (880, 20), (881, 667), (882, 680), (883, 931), (884, 166), (885, 93), (886, 512), (887, 5), (888, 521), (889, 373), (890, 361), (891, 548), (892, 415), (893, 30), (894, 339), (895, 944), (896, 335), (897, 392), (898, 679), (899, 271), (900, 375), (901, 409), (902, 728), (903, 112), (904, 623), (905, 971), (906, 834), (907, 210), (908, 465), (909, 684), (910, 431), (911, 1), (912, 888), (913, 443), (914, 441), (915, 807), (916, 13), (917, 476), (918, 119), (919, 6), (920, 877), (921, 815), (922, 267), (923, 473), (924, 310), (925, 320), (926, 32), (927, 351), (928, 79), (929, 332), (930, 196), (931, 363), (932, 92), (933, 881), (934, 401), (935, 916), (936, 802), (937, 370), (938, 605), (939, 311), (940, 342), (941, 300), (942, 53), (943, 566), (944, 111), (945, 837), (946, 371), (947, 907), (948, 366), (949, 785), (950, 221), (951, 350), (952, 685), (953, 804), (954, 3), (955, 727), (956, 940), (957, 76), (958, 511), (959, 698), (960, 887), (961, 992), (962, 914), (963, 963), (964, 44), (965, 645), (966, 886), (967, 404), (968, 967), (969, 752), (970, 231), (971, 67), (972, 287), (973, 572), (974, 934), (975, 519), (976, 972), (977, 856), (978, 818), (979, 747), (980, 663), (981, 81), (982, 294), (983, 677), (984, 489), (985, 864), (986, 865), (987, 445), (988, 223), (989, 246), (990, 746), (991, 295), (992, 268), (993, 823), (994, 768), (995, 910), (996, 411), (997, 69), (998, 866), (999, 0)], 22888)

